111
112
113
114
115
116
118
117
119
110
121
122
123
124
125
126
128
127
129
120
131
132
133
134
135
136
138
137
139
130
141
142
143
144
145
146
148
147
149
140
151
152
153
154
155
156
158
157
159
150
161
162
163
164
165
166
168
167
169
160
181
182
183
184
185
186
188
187
189
180
171
172
173
174
175
176
178
177
179
170
191
192
193
194
195
196
198
197
199
190
101
102
103
104
105
106
108
107
109
100
211
212
213
214
215
216
218
217
219
210
221
222
223
224
225
226
228
227
229
220
231
232
233
234
235
236
238
237
239
230
241
242
243
244
245
246
248
247
249
240
251
252
253
254
255
256
258
257
259
250
261
262
263
264
265
266
268
267
269
260
281
282
283
284
285
286
288
287
289
280
271
272
273
274
275
276
278
277
279
270
291
292
293
294
295
296
298
297
299
290
201
202
203
204
205
206
208
207
209
200
311
312
313
314
315
316
318
317
319
310
321
322
323
324
325
326
328
327
329
320
331
332
333
334
335
336
338
337
339
330
341
342
343
344
345
346
348
347
349
340
351
352
353
354
355
356
358
357
359
350
361
362
363
364
365
366
368
367
369
360
381
382
383
384
385
386
388
387
389
380
371
372
373
374
375
376
378
377
379
370
391
392
393
394
395
396
398
397
399
390
301
302
303
304
305
306
308
307
309
300
411
412
413
414
415
416
418
417
419
410
421
422
423
424
425
426
428
427
429
420
431
432
433
434
435
436
438
437
439
430
441
442
443
444
445
446
448
447
449
440
451
452
453
454
455
456
458
457
459
450
461
462
463
464
465
466
468
467
469
460
481
482
483
484
485
486
488
487
489
480
471
472
473
474
475
476
478
477
479
470
491
492
493
494
495
496
498
497
499
490
401
402
403
404
405
406
408
407
409
400
511
512
513
514
515
516
518
517
519
510
521
522
523
524
525
526
528
527
529
520
531
532
533
534
535
536
538
537
539
530
541
542
543
544
545
546
548
547
549
540
551
552
553
554
555
556
558
557
559
550
561
562
563
564
565
566
568
567
569
560
581
582
583
584
585
586
588
587
589
580
571
572
573
574
575
576
578
577
579
570
591
592
593
594
595
596
598
597
599
590
501
502
503
504
505
506
508
507
509
500
611
612
613
614
615
616
618
617
619
610
621
622
623
624
625
626
628
627
629
620
631
632
633
634
635
636
638
637
639
630
641
642
643
644
645
646
648
647
649
640
651
652
653
654
655
656
658
657
659
650
661
662
663
664
665
666
668
667
669
660
681
682
683
684
685
686
688
687
689
680
671
672
673
674
675
676
678
677
679
670
691
692
693
694
695
696
698
697
699
690
601
602
603
604
605
606
608
607
609
600
811
812
813
814
815
816
818
817
819
810
821
822
823
824
825
826
828
827
829
820
831
832
833
834
835
836
838
837
839
830
841
842
843
844
845
846
848
847
849
840
851
852
853
854
855
856
858
857
859
850
861
862
863
864
865
866
868
867
869
860
881
882
883
884
885
886
888
887
889
880
871
872
873
874
875
876
878
877
879
870
891
892
893
894
895
896
898
897
899
890
801
802
803
804
805
806
808
807
809
800
711
712
713
714
715
716
718
717
719
710
721
722
723
724
725
726
728
727
729
720
731
732
733
734
735
736
738
737
739
730
741
742
743
744
745
746
748
747
749
740
751
752
753
754
755
756
758
757
759
750
761
762
763
764
765
766
768
767
769
760
781
782
783
784
785
786
788
787
789
780
771
772
773
774
775
776
778
777
779
770
791
792
793
794
795
796
798
797
799
790
701
702
703
704
705
706
708
707
709
700
911
912
913
914
915
916
918
917
919
910
921
922
923
924
925
926
928
927
929
920
931
932
933
934
935
936
938
937
939
930
941
942
943
944
945
946
948
947
949
940
951
952
953
954
955
956
958
957
959
950
961
962
963
964
965
966
968
967
969
960
981
982
983
984
985
986
988
987
989
980
971
972
973
974
975
976
978
977
979
970
991
992
993
994
995
996
998
997
999
990
901
902
903
904
905
906
908
907
909
900
011
012
013
014
015
016
018
017
019
010
021
022
023
024
025
026
028
027
029
020
031
032
033
034
035
036
038
037
039
030
041
042
043
044
045
046
048
047
049
040
051
052
053
054
055
056
058
057
059
050
061
062
063
064
065
066
068
067
069
060
081
082
083
084
085
086
088
087
089
080
071
072
073
074
075
076
078
077
079
070
091
092
093
094
095
096
098
097
099
090
001
002
003
004
005
006
008
007
009
000
