1
2
3
4
5
6
8
7
9
11
12
13
14
15
16
18
17
19
10
21
22
23
24
25
26
28
27
29
20
31
32
33
34
35
36
38
37
39
30
41
42
43
44
45
46
48
47
49
40
51
52
53
54
55
56
58
57
59
50
61
62
63
64
65
66
68
67
69
60
81
82
83
84
85
86
88
87
89
80
71
72
73
74
75
76
78
77
79
70
91
92
93
94
95
96
98
97
99
90
111
112
113
114
115
116
118
117
119
110
121
122
123
124
125
126
128
127
129
120
131
132
133
134
135
136
138
137
139
130
141
142
143
144
145
146
148
147
149
140
151
152
153
154
155
156
158
157
159
150
161
162
163
164
165
166
168
167
169
160
181
182
183
184
185
186
188
187
189
180
171
172
173
174
175
176
178
177
179
170
191
192
193
194
195
196
198
197
199
190
101
102
103
104
105
106
108
107
109
100
211
212
213
214
215
216
218
217
219
210
221
222
223
224
225
226
228
227
229
220
231
232
233
234
235
236
238
237
239
230
241
242
243
244
245
246
248
247
249
240
251
252
253
254
255
256
258
257
259
250
261
262
263
264
265
266
268
267
269
260
281
282
283
284
285
286
288
287
289
280
271
272
273
274
275
276
278
277
279
270
291
292
293
294
295
296
298
297
299
290
201
202
203
204
205
206
208
207
209
200

